9 0.324413 0.329289 0.0543608 0.0807477
9 0.333822 0.225145 0.0537705 0.0816453
6 0.325359 0.787542 0.0578059 0.0776831
9 0.338585 0.116929 0.0560209 0.0847333
2 0.777749 0.905865 0.0572099 0.0789444
8 0.327163 0.672431 0.0593732 0.0780413
8 0.234917 0.226131 0.0746088 0.097082
8 0.595644 0.557429 0.0693422 0.0844059
7 0.232528 0.453473 0.0746089 0.102534
7 0.231864 0.811203 0.0787629 0.100852
6 0.327643 0.910342 0.0594438 0.0800933
11 0.249052 0.106639 0.0646966 0.105533
2 0.841337 0.100361 0.0682709 0.100505
6 0.331399 0.436517 0.0552171 0.0746573
2 0.766724 0.430193 0.0553182 0.0771489
7 0.239905 0.571996 0.0650148 0.0894474
10 0.575728 0.211642 0.0690804 0.106645
0 0.759627 0.660259 0.0592035 0.0788188
2 0.858297 0.488046 0.0860931 0.190152
10 0.245023 0.326558 0.0705425 0.101455
7 0.245311 0.327092 0.0693694 0.102869
2 0.684441 0.317379 0.0704706 0.0953213
2 0.757389 0.214493 0.0526201 0.0817226
7 0.575794 0.210835 0.0695436 0.10743
2 0.845776 0.320923 0.0696869 0.102862
10 0.249111 0.106608 0.0646206 0.102765
8 0.233398 0.810966 0.0787016 0.102839
