9 0.325373 0.328981 0.0535406 0.0808081
6 0.32736 0.908952 0.0592923 0.0810183
11 0.249573 0.103535 0.0639545 0.105381
7 0.245324 0.3255 0.0692074 0.100733
9 0.339348 0.116536 0.056472 0.0848038
9 0.333322 0.223724 0.0548155 0.0831468
6 0.331227 0.435324 0.0543603 0.0756697
6 0.325381 0.785439 0.0582315 0.0773911
0 0.760199 0.659953 0.0568085 0.077182
8 0.235347 0.224727 0.0741301 0.0921586
8 0.328247 0.671242 0.05957 0.0763423
5 0.873145 0.781427 0.077375 0.102041
2 0.777548 0.905 0.058039 0.0792895
7 0.592624 0.550143 0.0641033 0.0890989
7 0.236264 0.441464 0.0742859 0.112373
7 0.232082 0.809244 0.0777355 0.0974419
2 0.758384 0.213626 0.0536354 0.0819077
10 0.233044 0.809327 0.0779688 0.100914
2 0.846707 0.320052 0.0695862 0.103043
8 0.233592 0.809766 0.0777764 0.0994685
2 0.841239 0.097674 0.067189 0.102861
2 0.767069 0.429957 0.0545025 0.0752659
0 0.777259 0.904826 0.0585735 0.0801643
10 0.236132 0.441268 0.0743178 0.115135
