8 0.411687 0.665814 0.0667027 0.0785586
6 0.495751 0.549461 0.0562943 0.0749499
6 0.325363 0.787587 0.0574938 0.0766612
6 0.327482 0.910611 0.0596654 0.0800962
9 0.338657 0.116604 0.0568114 0.0847602
7 0.245039 0.327396 0.0720232 0.102376
0 0.766537 0.430168 0.0558636 0.0779179
11 0.24885 0.107517 0.0649462 0.105988
8 0.326807 0.672463 0.0600184 0.0777248
0 0.77744 0.906507 0.0588037 0.0800102
9 0.33328 0.225765 0.0551407 0.0840282
2 0.858924 0.517333 0.0840191 0.125454
6 0.331362 0.437334 0.0557712 0.0758719
0 0.757534 0.213698 0.0545408 0.0832649
9 0.32473 0.328997 0.0536836 0.0815507
6 0.324736 0.328771 0.0561296 0.0817909
2 0.759815 0.661263 0.0572695 0.0757225
2 0.841019 0.09841 0.0689293 0.103899
10 0.577163 0.210321 0.0652675 0.105082
8 0.234633 0.225781 0.0751825 0.096743
2 0.767112 0.0913981 0.0528231 0.0797481
0 0.759277 0.661104 0.0577138 0.0765611
2 0.856817 0.488056 0.0814432 0.184606
