8 0.411265 0.663457 0.0679281 0.082024
11 0.248923 0.106647 0.0649669 0.101874
9 0.338305 0.117214 0.056421 0.0838243
9 0.333366 0.225792 0.054033 0.0819951
6 0.32548 0.787169 0.0587885 0.0781512
6 0.327555 0.910353 0.059526 0.0797769
9 0.324143 0.329216 0.0535697 0.0805215
7 0.232855 0.811716 0.0766143 0.101491
2 0.766628 0.430284 0.0554024 0.0764315
0 0.759587 0.65986 0.0591192 0.0792442
7 0.244802 0.326647 0.0703666 0.101675
2 0.777724 0.905931 0.0583261 0.0781141
8 0.327009 0.672091 0.0594886 0.078613
8 0.238523 0.230711 0.0683701 0.0870692
8 0.331044 0.43675 0.0556764 0.0758185
2 0.840779 0.0993266 0.0670048 0.101904
7 0.575782 0.2105 0.0690352 0.107078
2 0.859515 0.518997 0.0846848 0.122883
7 0.239978 0.572322 0.065184 0.0894304
2 0.684305 0.31585 0.0703921 0.0974199
6 0.324386 0.329089 0.0552362 0.0812401
6 0.331535 0.436619 0.0554734 0.075044
2 0.757738 0.214992 0.0534773 0.0818751
6 0.233559 0.812969 0.0763144 0.097028
10 0.575844 0.211617 0.0688131 0.104145
8 0.232492 0.453997 0.0739894 0.103663
10 0.244773 0.328032 0.0702089 0.0996751
