9 0.33874 0.116413 0.0555405 0.0835612
6 0.325557 0.787115 0.057566 0.0734365
7 0.232791 0.81096 0.0749087 0.0980626
9 0.325426 0.329717 0.0545357 0.0798922
0 0.760447 0.660688 0.0567183 0.0768389
7 0.245002 0.326555 0.068554 0.0968833
11 0.248856 0.104195 0.0634379 0.103872
6 0.239499 0.673668 0.0654235 0.0823372
0 0.777837 0.905898 0.0585945 0.077825
2 0.846348 0.321153 0.0703468 0.1003
9 0.492929 0.447899 0.0538127 0.0734945
0 0.767823 0.430521 0.0574223 0.0784587
2 0.843514 0.0964694 0.0731022 0.107228
2 0.758096 0.215027 0.0550411 0.0817605
6 0.328395 0.672342 0.0565543 0.0744209
6 0.327507 0.909564 0.0586848 0.0801451
7 0.238684 0.252014 0.0748123 0.138612
6 0.492503 0.448155 0.053899 0.072883
6 0.333952 0.224506 0.0530376 0.0813124
10 0.236286 0.441013 0.0760948 0.114505
7 0.592037 0.549761 0.06356 0.0890989
2 0.768425 0.430513 0.0582974 0.0766799
6 0.325616 0.329587 0.0564503 0.0800137
10 0.592389 0.551016 0.0641222 0.0881517
8 0.235986 0.441347 0.0759477 0.113312
9 0.33333 0.224053 0.0538159 0.08167
5 0.876763 0.781709 0.0852085 0.102805
