8 0.411323 0.666295 0.0662972 0.077368
6 0.32529 0.787618 0.057936 0.0766864
6 0.331596 0.43749 0.0555392 0.0758057
9 0.338396 0.116862 0.0565363 0.0859639
9 0.333609 0.2252 0.0540528 0.0823805
8 0.234663 0.22558 0.0752044 0.0975207
6 0.327387 0.910328 0.0594656 0.0802813
7 0.244705 0.326774 0.0707029 0.102746
0 0.759573 0.660977 0.0584949 0.0767544
6 0.324563 0.329342 0.0550724 0.0820316
8 0.326958 0.672584 0.0595418 0.0770564
11 0.248703 0.106291 0.0646978 0.105821
2 0.777719 0.906272 0.0570641 0.0793732
2 0.841128 0.0993603 0.0678665 0.102557
10 0.575292 0.211314 0.0703833 0.106883
2 0.508495 0.559939 0.0658241 0.0900453
7 0.232674 0.811516 0.0775457 0.102505
2 0.766599 0.429415 0.0554246 0.0762934
2 0.845459 0.32118 0.0699932 0.102065
1 0.858999 0.508869 0.0842255 0.144479
2 0.684048 0.316578 0.0696528 0.0959967
0 0.766548 0.429325 0.0559908 0.0776956
2 0.859056 0.508985 0.0841179 0.14217
9 0.32476 0.329312 0.0532049 0.081464
