2 0.778487 0.908509 0.0584211 0.0786588
9 0.333914 0.125576 0.0538394 0.0826166
6 0.328166 0.917187 0.059634 0.0806781
6 0.495035 0.555609 0.0575676 0.0744077
8 0.231814 0.236776 0.0737874 0.0932031
9 0.3219 0.336827 0.0542795 0.0808825
8 0.235195 0.797233 0.0792744 0.0896989
6 0.325018 0.680555 0.0571426 0.0765268
10 0.2457 0.546677 0.0773123 0.113463
2 0.882026 0.775595 0.0822552 0.0858693
10 0.246865 0.690001 0.0707104 0.0931422
6 0.327693 0.444773 0.0572353 0.0769842
6 0.324642 0.795191 0.0578589 0.0763697
7 0.239057 0.444068 0.0741262 0.113851
2 0.758254 0.664157 0.0567743 0.0756625
9 0.329767 0.232565 0.0559454 0.0822202
10 0.241323 0.334251 0.0683964 0.103065
0 0.764025 0.433555 0.0573366 0.0777639
2 0.857625 0.500571 0.0862526 0.164152
9 0.324973 0.795597 0.0569332 0.0777857
7 0.239333 0.912634 0.0629732 0.0874878
6 0.243274 0.116073 0.0629864 0.10142
2 0.844435 0.319725 0.0723213 0.0986923
0 0.758085 0.663743 0.0565309 0.0768443
2 0.753852 0.217271 0.0556816 0.0831821
