2 0.778392 0.908714 0.0583471 0.0787323
9 0.334742 0.126359 0.0543043 0.081842
9 0.321887 0.337246 0.0545961 0.0815449
6 0.328358 0.917589 0.0594581 0.0801651
6 0.324533 0.794932 0.0578774 0.0769384
8 0.230673 0.234974 0.0765588 0.0947953
8 0.235235 0.797143 0.0787491 0.0901197
2 0.881992 0.775606 0.0823978 0.0862321
10 0.24656 0.688981 0.0726382 0.0942853
6 0.325184 0.681325 0.0567546 0.0754052
9 0.322983 0.55908 0.0551478 0.073309
2 0.758178 0.663954 0.056783 0.0770579
6 0.327842 0.444716 0.0571077 0.0766911
10 0.245002 0.546545 0.0773046 0.113751
10 0.24147 0.334968 0.0687777 0.1008
8 0.245473 0.547476 0.0767724 0.114448
7 0.239025 0.912513 0.0628421 0.0871574
2 0.857258 0.505477 0.0852947 0.15404
11 0.243673 0.114365 0.0645182 0.104407
7 0.241321 0.335746 0.0686504 0.0993099
10 0.238652 0.445086 0.0749316 0.114561
2 0.764405 0.433022 0.0572208 0.0771535
7 0.23847 0.444838 0.0755257 0.112004
9 0.329939 0.232401 0.0551646 0.0818166
2 0.836358 0.101792 0.0678444 0.101595
2 0.844706 0.321067 0.0714413 0.096115
0 0.764214 0.433336 0.0578788 0.078215
2 0.753755 0.216563 0.0561137 0.0828556
8 0.329804 0.23257 0.0556303 0.0811947
