2 0.778573 0.908638 0.0582726 0.0791957
9 0.333897 0.125289 0.0558009 0.0834594
6 0.32815 0.917354 0.0595308 0.080702
6 0.495202 0.555871 0.0569845 0.0764605
6 0.324982 0.795543 0.056571 0.0773441
8 0.235766 0.796531 0.0800256 0.0910566
2 0.880041 0.774682 0.0805363 0.0862503
9 0.322068 0.337022 0.0547306 0.0814838
6 0.325115 0.680617 0.0571836 0.0764164
8 0.231808 0.23683 0.075701 0.0935074
6 0.327757 0.444753 0.0573279 0.0768491
7 0.245603 0.689077 0.0715788 0.0928024
10 0.245827 0.689397 0.071405 0.0937339
2 0.75862 0.664244 0.0577394 0.0756752
7 0.238824 0.912324 0.0648756 0.0875005
10 0.245512 0.54659 0.0774779 0.113491
2 0.84471 0.320148 0.0718746 0.098241
11 0.244016 0.114215 0.0638622 0.104565
2 0.837795 0.102206 0.0697063 0.102258
7 0.238766 0.444063 0.0742613 0.113977
11 0.241636 0.333578 0.0683441 0.0995182
10 0.238466 0.444589 0.0752817 0.114824
10 0.241252 0.334266 0.0694021 0.102766
7 0.245656 0.546375 0.0772162 0.11425
0 0.758374 0.663722 0.057242 0.077076
8 0.245936 0.547526 0.0768504 0.114584
0 0.75395 0.217576 0.055559 0.0829052
2 0.754013 0.217019 0.0556973 0.0820056
2 0.865739 0.660827 0.0685688 0.0822052
