6 0.592281 0.67817 0.0563559 0.0768087
9 0.327549 0.114231 0.0555315 0.0847076
0 0.755535 0.423871 0.0556635 0.0792402
6 0.49447 0.329065 0.0560897 0.0800491
6 0.240307 0.653529 0.0689273 0.107426
7 0.404086 0.447583 0.0678153 0.0937794
6 0.327232 0.67224 0.0573769 0.073921
0 0.76309 0.905908 0.058592 0.0791537
6 0.328068 0.909376 0.0591389 0.0810885
8 0.33095 0.564638 0.0732297 0.087425
2 0.754253 0.213208 0.0678575 0.101983
6 0.414148 0.220062 0.0575706 0.0813387
5 0.771555 0.660597 0.0649464 0.0866493
7 0.593261 0.548791 0.0645338 0.0906286
6 0.241826 0.112085 0.0641833 0.105404
7 0.237515 0.422651 0.0756605 0.117615
0 0.582756 0.226256 0.0543716 0.0819971
8 0.236996 0.424022 0.0728277 0.117351
1 0.771488 0.660472 0.0660137 0.0879541
2 0.570116 0.101621 0.0596045 0.105542
2 0.496736 0.431275 0.0525732 0.0719222
