6 0.325097 0.794188 0.0582431 0.078728
8 0.410941 0.66986 0.0681497 0.0847827
6 0.495463 0.555008 0.0573035 0.0766877
6 0.328375 0.917138 0.0600924 0.0813316
9 0.333912 0.125644 0.0541966 0.0826536
2 0.77856 0.908724 0.0586794 0.0801175
2 0.855135 0.487633 0.0824802 0.181845
8 0.327896 0.443777 0.0593481 0.0788226
8 0.231139 0.233487 0.0765217 0.0956171
6 0.32638 0.679869 0.0588159 0.0779282
6 0.330337 0.231652 0.0542264 0.0839361
2 0.68241 0.318188 0.0710838 0.0992972
2 0.882299 0.775062 0.0834339 0.0870967
6 0.322488 0.336238 0.054925 0.0821063
2 0.759055 0.664154 0.0590098 0.0755247
6 0.24121 0.911858 0.0595194 0.0863533
0 0.758797 0.663712 0.0584873 0.0759069
2 0.7642 0.43208 0.0582442 0.0789178
8 0.326217 0.680081 0.0578121 0.0779018
10 0.241296 0.333516 0.0688581 0.10345
6 0.243636 0.114631 0.0636301 0.105126
