9 0.333727 0.22485 0.0539453 0.081963
9 0.338572 0.116749 0.0560604 0.0844721
2 0.777722 0.906075 0.0582189 0.0793332
7 0.232764 0.810839 0.0774554 0.103072
11 0.249127 0.106442 0.0650821 0.105377
6 0.32529 0.787321 0.0577925 0.0773193
8 0.327218 0.671874 0.0594766 0.0794365
8 0.595917 0.557326 0.0705299 0.084386
6 0.327632 0.91021 0.0592667 0.0800029
9 0.324412 0.329103 0.0543604 0.0809169
8 0.235488 0.22514 0.0740363 0.0967016
7 0.239838 0.572173 0.0654797 0.0894145
10 0.245125 0.327463 0.0697625 0.102984
7 0.244921 0.326768 0.0710199 0.101715
2 0.841035 0.0993474 0.0677237 0.102561
6 0.324588 0.329338 0.0561784 0.0809331
0 0.759355 0.660372 0.0581387 0.0782605
7 0.5755 0.210402 0.0681509 0.105402
6 0.331397 0.436606 0.0552427 0.075639
2 0.759615 0.660884 0.0577364 0.0760869
10 0.575539 0.21115 0.0679428 0.105555
2 0.858873 0.486082 0.0848906 0.187549
2 0.766624 0.430083 0.055378 0.0774347
8 0.331019 0.43702 0.0556004 0.0757977
2 0.846 0.321129 0.0694618 0.101996
2 0.683871 0.31721 0.0691725 0.095104
0 0.766445 0.429947 0.0563309 0.078731
7 0.232267 0.45375 0.0737427 0.101484
