6 0.328521 0.917206 0.0592024 0.0804708
9 0.33422 0.124687 0.054232 0.0827513
6 0.495128 0.555213 0.0569181 0.0764192
8 0.409495 0.670393 0.0693213 0.0857165
6 0.32502 0.794495 0.0591239 0.0778427
9 0.322222 0.336834 0.0539654 0.0812974
9 0.330293 0.231981 0.0550526 0.0833476
6 0.328404 0.443917 0.0576275 0.077816
2 0.681938 0.317655 0.0700489 0.101836
7 0.238891 0.441941 0.0757663 0.113773
8 0.231936 0.233855 0.0764546 0.0963843
6 0.326516 0.679646 0.0585539 0.0765015
10 0.571624 0.214602 0.0705806 0.106964
2 0.759463 0.662963 0.0582354 0.0773223
7 0.238251 0.913274 0.0655749 0.0884857
2 0.855584 0.48996 0.0835367 0.186984
8 0.326416 0.67989 0.0582383 0.0767726
2 0.754935 0.216885 0.0548253 0.083561
5 0.779246 0.909053 0.05904 0.0799947
0 0.764238 0.43324 0.0574718 0.0783812
2 0.84263 0.323068 0.0714584 0.101219
7 0.241217 0.332947 0.0688381 0.101671
2 0.779543 0.908386 0.0583791 0.0788091
10 0.241206 0.334074 0.0695367 0.101832
2 0.837289 0.100751 0.0680275 0.102291
2 0.764181 0.433045 0.0569479 0.0771744
10 0.238523 0.441876 0.0759846 0.115867
7 0.220057 0.552245 0.0794415 0.115114
10 0.220438 0.553157 0.0790738 0.116696
