9 0.333704 0.224813 0.053339 0.0817028
9 0.338754 0.117559 0.0552043 0.0841259
2 0.777917 0.90598 0.0581516 0.0792519
6 0.325046 0.786977 0.057793 0.0776713
11 0.249207 0.106506 0.0648338 0.104735
6 0.327588 0.910331 0.0590733 0.0796916
7 0.245064 0.326548 0.07019 0.101371
7 0.232735 0.811568 0.0769473 0.102843
8 0.327111 0.672015 0.0593824 0.0774687
2 0.859887 0.486552 0.0851047 0.1902
6 0.331548 0.436329 0.0550887 0.0748938
8 0.234922 0.226385 0.0745799 0.0909489
10 0.239817 0.564079 0.0647278 0.0886454
9 0.324508 0.329265 0.0531733 0.0805627
6 0.324549 0.329165 0.0549637 0.0807312
2 0.759758 0.660741 0.0575012 0.075759
7 0.232097 0.455312 0.0734417 0.0983091
0 0.759371 0.660576 0.0577797 0.0769925
5 0.766908 0.430913 0.0554373 0.0772313
7 0.242283 0.675889 0.0586224 0.089425
0 0.766718 0.429934 0.0555515 0.0783435
2 0.84116 0.0996102 0.0677431 0.101694
7 0.239706 0.562992 0.0644698 0.0909544
2 0.845831 0.321576 0.0698257 0.102877
2 0.757046 0.214925 0.0532007 0.081805
