8 0.411728 0.666981 0.0663893 0.0757118
6 0.325645 0.787162 0.0577821 0.0772931
9 0.332704 0.22529 0.0533753 0.0823169
6 0.327597 0.910464 0.0597058 0.0803669
9 0.338254 0.117297 0.0556247 0.0844721
2 0.777673 0.906168 0.0587719 0.0786502
11 0.24926 0.106793 0.0656216 0.102698
6 0.331485 0.436633 0.0555183 0.0749832
8 0.23586 0.228072 0.0743333 0.0925454
9 0.324568 0.328819 0.0522917 0.0805106
7 0.244806 0.326956 0.0697305 0.101041
2 0.757358 0.214595 0.0538164 0.0827372
2 0.857574 0.488063 0.083107 0.183097
2 0.840781 0.0984309 0.0671663 0.105135
6 0.327076 0.672642 0.0590046 0.0776503
7 0.232691 0.811327 0.0772197 0.101517
8 0.327374 0.67242 0.0582536 0.0775589
10 0.57518 0.211566 0.0693085 0.106986
0 0.75933 0.660397 0.058847 0.0775505
2 0.684085 0.3166 0.0705385 0.0955705
6 0.324681 0.328956 0.0542084 0.0804156
2 0.508409 0.560489 0.0660422 0.0878082
7 0.239896 0.572338 0.065396 0.0889002
7 0.57532 0.211001 0.0697466 0.107706
2 0.766643 0.429789 0.0555107 0.0761864
10 0.244619 0.327989 0.0695524 0.099756
2 0.845421 0.320667 0.0704212 0.103404
8 0.23341 0.810719 0.0780755 0.100777
7 0.231396 0.45194 0.0747403 0.103046
0 0.7668 0.429887 0.055662 0.0774815
2 0.759529 0.661339 0.0581617 0.0768335
