6 0.325419 0.794732 0.0577536 0.0787354
8 0.409252 0.670378 0.0705276 0.0853485
9 0.334272 0.125105 0.0543623 0.0828407
2 0.778908 0.908662 0.0586417 0.0783473
8 0.327889 0.44411 0.0588521 0.0784554
8 0.231108 0.233582 0.0765199 0.0968352
6 0.32829 0.917384 0.0599304 0.0807101
6 0.494956 0.555745 0.0569026 0.0754212
8 0.326205 0.679638 0.0579638 0.0781235
2 0.882562 0.775198 0.0833965 0.0861615
0 0.758315 0.664023 0.0578733 0.0764809
2 0.858383 0.519747 0.0856728 0.124398
6 0.322105 0.336613 0.0542405 0.0816873
6 0.243834 0.114921 0.0637459 0.105771
7 0.238857 0.443511 0.0755103 0.112644
0 0.764551 0.432794 0.0571239 0.0784107
10 0.241593 0.333949 0.0693295 0.10179
2 0.865237 0.66184 0.0693724 0.0831306
6 0.329996 0.231739 0.0560002 0.0837912
8 0.242075 0.911978 0.0577539 0.0857086
2 0.845329 0.320056 0.0702536 0.0976988
0 0.754244 0.217324 0.0554401 0.0837082
