1 0.844401 0.3276 0.0708918 0.100734
1 0.866216 0.780695 0.0851366 0.105376
9 0.333391 0.109169 0.0544362 0.0852353
0 0.767318 0.430241 0.0560926 0.0765237
10 0.418693 0.662316 0.0701184 0.0984212
0 0.777702 0.905988 0.0586042 0.0784126
6 0.492195 0.447669 0.0549273 0.0743056
11 0.249186 0.103916 0.0637293 0.104501
2 0.75839 0.213535 0.0551049 0.0825809
6 0.504933 0.785908 0.0586147 0.077881
0 0.593232 0.685749 0.0542879 0.0729622
6 0.498128 0.332292 0.055371 0.0778736
6 0.419943 0.220739 0.0559965 0.0812468
7 0.418942 0.660777 0.0705265 0.100419
7 0.244863 0.327184 0.0693381 0.0992702
9 0.327921 0.672124 0.0580452 0.0744654
2 0.780863 0.555984 0.0733456 0.109349
7 0.397977 0.442513 0.0707263 0.0970004
2 0.580342 0.0990429 0.0616694 0.105486
6 0.398379 0.443228 0.0712361 0.0977389
7 0.592824 0.550233 0.0645309 0.087912
10 0.398081 0.44323 0.071359 0.0942474
10 0.592898 0.551153 0.0646624 0.0887515
1 0.59339 0.685929 0.0541704 0.0720334
6 0.327512 0.909343 0.0601604 0.0814987
