9 0.325718 0.328208 0.0529283 0.0812655
9 0.339457 0.115789 0.0551545 0.083903
9 0.333475 0.223835 0.0548849 0.0824343
11 0.249505 0.104602 0.0636142 0.104073
2 0.777942 0.904983 0.0568108 0.0784955
7 0.232965 0.809357 0.0764186 0.100897
6 0.331486 0.435242 0.0545603 0.075758
8 0.23498 0.223907 0.0745201 0.0936905
7 0.24538 0.326144 0.0686101 0.102351
6 0.327612 0.909221 0.0591735 0.0809036
8 0.328401 0.671347 0.0591136 0.0761584
6 0.325481 0.785527 0.0583507 0.0777209
2 0.858434 0.483331 0.0843906 0.187578
2 0.842482 0.0976043 0.0707359 0.104165
7 0.592682 0.550099 0.0642218 0.0890323
2 0.758164 0.214208 0.0552142 0.0815961
0 0.759475 0.659999 0.0570744 0.0773112
2 0.846774 0.320154 0.0708992 0.103031
2 0.767276 0.430198 0.0549752 0.0756981
7 0.235822 0.441606 0.0738701 0.112666
0 0.767171 0.430312 0.0560026 0.0768131
